detector row	table 0	table 1	table 2	table 3	wavelength
0	0	0	0	0	65535
1	0	0	0	0	65535
2	0	0	0	0	65535
3	0	0	0	0	65535
4	0	0	0	0	65535
5	0	0	0	0	65535
6	0	0	0	0	65535
7	0	0	0	0	65535
8	0	0	0	0	65535
9	0	0	0	0	65535
10	0	0	0	0	65535
11	0	0	0	0	65535
12	0	0	0	0	65535
13	0	0	0	0	65535
14	0	0	0	0	65535
15	0	0	0	0	65535
16	0	0	0	0	65535
17	0	0	0	0	65535
18	0	0	0	0	65535
19	0	0	0	0	65535
20	0	0	0	0	65535
21	0	0	0	0	65535
22	0	0	0	0	65535
23	0	0	0	0	65535
24	0	0	0	0	65535
25	0	0	0	0	65535
26	0	0	0	0	65535
27	0	0	0	0	65535
28	0	0	0	0	65535
29	0	0	0	0	65535
30	0	0	0	0	65535
31	0	0	0	0	65535
32	0	0	0	0	65535
33	0	0	0	0	65535
34	0	0	0	0	65535
35	0	0	0	0	65535
36	0	0	0	0	65535
37	0	0	0	0	65535
38	0	0	0	0	65535
39	0	0	0	0	65535
40	0	0	0	0	65535
41	0	0	0	0	65535
42	0	0	0	0	65535
43	0	0	0	0	65535
44	0	0	0	0	65535
45	0	0	0	0	65535
46	0	0	0	0	65535
47	0	0	0	0	65535
48	0	0	0	0	65535
49	0	0	0	0	65535
50	0	0	0	0	65535
51	0	0	0	0	65535
52	0	0	0	0	65535
53	0	0	0	0	65535
54	0	0	0	0	65535
55	0	0	0	0	65535
56	0	0	0	0	65535
57	0	0	0	0	65535
58	0	0	0	0	65535
59	0	0	0	0	65535
60	0	0	0	0	65535
61	0	0	0	0	65535
62	0	0	0	0	65535
63	0	0	0	0	65535
64	0	0	0	0	65535
65	0	0	0	0	65535
66	0	0	0	0	65535
67	0	0	0	0	65535
68	0	0	0	0	65535
69	0	0	0	0	65535
70	0	0	0	0	65535
71	0	0	0	0	65535
72	0	0	0	0	65535
73	0	0	0	0	65535
74	0	0	0	0	65535
75	0	0	0	0	65535
76	0	0	0	0	65535
77	0	0	0	0	65535
78	0	0	0	0	65535
79	0	0	0	0	65535
80	0	0	0	0	65535
81	0	0	0	0	65535
82	0	0	0	0	65535
83	0	0	0	0	65535
84	0	0	0	0	65535
85	0	0	0	0	65535
86	0	0	0	0	65535
87	0	0	0	0	65535
88	0	0	0	0	65535
89	0	0	0	0	65535
90	0	0	0	0	65535
91	0	0	0	0	65535
92	0	0	0	0	65535
93	0	0	0	0	65535
94	0	0	0	0	65535
95	0	0	0	0	65535
96	0	0	0	0	65535
97	0	0	0	0	65535
98	0	0	0	0	65535
99	0	0	0	0	65535
100	0	0	0	0	65535
101	0	0	0	0	65535
102	0	0	0	0	65535
103	0	0	0	0	65535
104	0	0	0	0	65535
105	0	0	0	0	65535
106	0	0	0	0	65535
107	0	0	0	0	65535
108	0	0	0	0	65535
109	0	0	0	0	65535
110	0	0	0	0	65535
111	0	0	0	0	65535
112	0	0	0	0	65535
113	0	0	0	0	65535
114	0	0	0	0	65535
115	0	0	0	0	65535
116	0	0	0	0	65535
117	0	0	0	0	65535
118	0	0	0	0	65535
119	0	0	0	0	65535
120	0	0	0	0	65535
121	0	0	0	0	65535
122	0	0	0	0	65535
123	0	0	0	0	65535
124	0	0	0	0	65535
125	0	0	0	0	65535
126	0	0	0	0	65535
127	0	0	0	0	65535
128	0	0	0	0	65535
129	0	0	0	0	65535
130	0	0	0	0	65535
131	0	0	0	0	65535
132	0	0	0	0	65535
133	0	0	0	0	65535
134	0	0	0	0	65535
135	0	0	0	0	65535
136	0	0	0	0	65535
137	0	0	0	0	65535
138	0	0	0	0	65535
139	0	0	0	0	65535
140	0	0	0	0	65535
141	0	0	0	0	65535
142	0	0	0	0	65535
143	0	0	0	0	65535
144	0	0	0	0	65535
145	0	0	0	0	65535
146	0	0	0	0	65535
147	0	0	0	0	65535
148	0	0	0	0	65535
149	0	0	0	0	65535
150	0	0	0	0	65535
151	0	0	0	0	65535
152	0	0	0	0	65535
153	0	0	0	0	65535
154	0	0	0	0	65535
155	0	0	0	0	65535
156	0	0	0	0	65535
157	0	0	0	0	65535
158	0	0	0	0	65535
159	0	0	0	0	65535
160	0	0	0	0	65535
161	0	0	0	0	65535
162	0	0	0	0	65535
163	0	0	0	0	65535
164	0	0	0	0	65535
165	0	0	0	0	65535
166	0	0	0	0	65535
167	0	0	0	0	65535
168	0	0	0	0	65535
169	0	0	0	0	65535
170	0	0	0	0	65535
171	0	0	0	0	65535
172	0	0	0	0	65535
173	0	0	0	0	65535
174	0	0	0	0	65535
175	0	0	0	0	65535
176	0	0	0	0	65535
177	0	0	0	0	65535
178	0	0	0	0	65535
179	0	0	0	0	65535
180	0	0	0	0	65535
181	0	0	0	0	65535
182	0	0	0	0	65535
183	0	0	0	0	65535
184	0	0	0	0	65535
185	1	0	1	0	364.62
186	1	0	1	0	371.12
187	1	1	1	1	377.62
188	1	0	1	0	384.12
189	1	0	1	0	390.62
190	1	0	1	0	397.12
191	1	0	1	0	403.62
192	1	1	1	1	410.12
193	1	0	1	0	416.62
194	1	0	1	0	423.12
195	1	0	1	0	429.63
196	1	0	1	0	436.13
197	1	1	1	1	442.63
198	1	0	1	0	449.14
199	1	0	1	0	455.64
200	1	0	1	0	462.15
201	1	0	1	0	468.65
202	1	0	1	0	475.16
203	1	0	1	1	481.67
204	1	0	1	0	488.17
205	1	0	1	0	494.68
206	1	0	1	0	501.19
207	1	0	1	0	507.7
208	1	0	1	0	514.21
209	1	0	1	0	520.72
210	1	0	1	0	527.23
211	1	1	1	1	533.74
212	1	0	1	0	540.25
213	1	0	1	0	546.76
214	1	0	1	0	553.27
215	1	0	1	1	559.78
216	1	0	1	0	566.29
217	1	0	1	0	572.81
218	1	0	1	0	579.32
219	1	0	1	0	585.83
220	1	0	1	0	592.35
221	1	1	1	1	598.86
222	1	0	1	0	605.38
223	1	0	1	0	611.89
224	1	0	1	0	618.41
225	1	0	1	0	624.92
226	1	0	1	1	631.44
227	1	0	1	0	637.96
228	1	0	1	0	644.48
229	1	1	1	1	650.99
230	1	0	1	0	657.51
231	1	0	1	0	664.03
232	1	0	1	0	670.55
233	1	0	1	0	677.07
234	1	1	1	1	683.59
235	1	0	1	0	690.11
236	1	0	1	0	696.63
237	1	0	1	0	703.16
238	1	1	1	1	709.68
239	1	0	1	0	716.2
240	1	0	1	0	722.72
241	1	0	1	0	729.25
242	1	0	1	0	735.77
243	1	1	1	1	742.3
244	1	0	1	0	748.82
245	1	0	1	0	755.35
246	1	0	1	0	761.87
247	1	0	1	0	768.4
248	1	1	1	1	774.92
249	1	0	1	0	781.45
250	1	0	1	0	787.98
251	1	0	1	0	794.51
252	1	1	1	1	801.04
253	1	0	1	0	807.56
254	1	0	1	0	814.09
255	1	0	1	0	820.62
256	1	0	1	0	827.15
257	1	1	1	1	833.68
258	1	0	1	0	840.22
259	1	0	1	0	846.75
260	1	0	1	0	853.28
261	1	1	1	1	859.81
262	1	0	1	0	866.34
263	1	0	1	0	872.88
264	1	0	1	0	879.41
265	1	0	1	0	885.95
266	1	1	1	1	892.48
267	1	0	1	0	899.02
268	1	0	1	0	905.55
269	1	0	1	0	912.09
270	1	0	1	0	918.62
271	1	1	1	1	925.16
272	1	0	1	0	931.7
273	1	0	1	1	938.24
274	1	0	1	0	944.77
275	1	1	1	1	951.31
276	1	0	1	0	957.85
277	1	0	1	1	964.39
278	1	0	1	0	970.93
279	1	0	1	0	977.47
280	1	1	1	1	984.01
281	1	0	1	0	990.55
282	1	0	1	0	997.1
283	1	0	1	1	1003.64
284	1	0	1	0	1010.18
285	1	0	1	0	1016.72
286	1	1	1	1	1023.27
287	1	0	1	0	1029.81
288	1	0	1	0	1036.36
289	1	0	1	0	1042.9
290	1	0	1	0	1049.45
291	1	1	1	1	1055.99
292	0	0	0	0	65535
293	0	0	0	0	65535
294	0	0	0	0	65535
295	0	0	0	0	65535
296	0	0	0	0	65535
297	0	0	0	0	65535
298	0	0	0	0	65535
299	0	0	0	0	65535
300	0	0	0	0	65535
301	0	0	0	0	65535
302	0	0	0	0	65535
303	0	0	0	0	65535
304	0	0	0	0	65535
305	0	0	0	0	65535
306	0	0	0	0	65535
307	0	0	0	0	65535
308	0	0	0	0	65535
309	0	0	0	0	65535
310	0	0	0	0	65535
311	0	0	0	0	65535
312	0	0	0	0	65535
313	0	0	0	0	65535
314	0	0	0	0	65535
315	0	0	0	0	65535
316	0	0	0	0	65535
317	0	0	0	0	65535
318	0	0	0	0	65535
319	0	0	0	0	65535
320	0	0	0	0	65535
321	0	0	0	0	65535
322	0	0	0	0	65535
323	0	0	0	0	65535
324	0	0	0	0	65535
325	0	0	0	0	65535
326	0	0	0	0	65535
327	0	0	0	0	65535
328	0	0	0	0	65535
329	0	0	0	0	65535
330	0	0	0	0	65535
331	0	0	0	0	65535
332	0	0	0	0	65535
333	0	0	0	0	65535
334	0	0	0	0	65535
335	0	0	0	0	65535
336	0	0	0	0	65535
337	0	0	0	0	65535
338	0	0	0	0	65535
339	0	0	0	0	65535
340	0	0	0	0	65535
341	0	0	0	0	65535
342	0	0	0	0	65535
343	0	0	0	0	65535
344	0	0	0	0	65535
345	0	0	0	0	65535
346	0	0	0	0	65535
347	0	0	0	0	65535
348	0	0	0	0	65535
349	0	0	0	0	65535
350	0	0	0	0	65535
351	0	0	0	0	65535
352	0	0	0	0	65535
353	0	0	0	0	65535
354	0	0	0	0	65535
355	0	0	0	0	65535
356	0	0	0	0	65535
357	0	0	0	0	65535
358	0	0	0	0	65535
359	0	0	0	0	65535
360	0	0	0	0	65535
361	0	0	0	0	65535
362	0	0	0	0	65535
363	0	0	0	0	65535
364	0	0	0	0	65535
365	0	0	0	0	65535
366	0	0	0	0	65535
367	0	0	0	0	65535
368	0	0	0	0	65535
369	0	0	0	0	65535
370	0	0	0	0	65535
371	0	0	0	0	65535
372	0	0	0	0	65535
373	0	0	0	0	65535
374	0	0	0	0	65535
375	0	0	0	0	65535
376	0	0	0	0	65535
377	0	0	0	0	65535
378	0	0	0	0	65535
379	0	0	0	0	65535
380	0	0	0	0	65535
381	0	0	0	0	65535
382	0	0	0	0	65535
383	0	0	0	0	65535
384	0	0	0	0	65535
385	0	0	0	0	65535
386	0	0	0	0	65535
387	0	0	0	0	65535
388	0	0	0	0	65535
389	0	0	0	0	65535
390	0	0	0	0	65535
391	0	0	0	0	65535
392	0	0	0	0	65535
393	0	0	0	0	65535
394	0	0	0	0	65535
395	0	0	0	0	65535
396	0	0	0	0	65535
397	0	0	0	0	65535
398	0	0	0	0	65535
399	0	0	0	0	65535
400	0	0	0	0	65535
401	0	0	0	0	65535
402	0	0	0	0	65535
403	0	0	0	0	65535
404	0	0	0	0	65535
405	0	0	0	0	65535
406	0	0	0	0	65535
407	0	0	0	0	65535
408	0	0	0	0	65535
409	0	0	0	0	65535
410	0	0	0	0	65535
411	0	0	0	0	65535
412	0	0	0	0	65535
413	0	0	0	0	65535
414	0	0	0	0	65535
415	0	0	0	0	65535
416	0	0	0	0	65535
417	0	0	0	0	65535
418	0	0	0	0	65535
419	0	0	0	0	65535
420	0	0	0	0	65535
421	0	0	0	0	65535
422	0	0	0	0	65535
423	0	0	0	0	65535
424	0	0	0	0	65535
425	0	0	0	0	65535
426	0	0	0	0	65535
427	0	0	0	0	65535
428	0	0	0	0	65535
429	0	0	0	0	65535
430	0	0	0	0	65535
431	0	0	0	0	65535
432	0	0	0	0	65535
433	0	0	0	0	65535
434	0	0	0	0	65535
435	0	0	0	0	65535
436	0	0	0	0	65535
437	0	0	0	0	65535
438	0	0	0	0	65535
439	0	0	0	0	65535
440	0	0	0	0	65535
441	0	0	0	0	65535
442	0	0	0	0	65535
443	0	0	0	0	65535
444	0	0	0	0	65535
445	0	0	0	0	65535
446	0	0	0	0	65535
447	0	0	0	0	65535
448	0	0	0	0	65535
449	0	0	0	0	65535
450	0	0	0	0	65535
451	0	0	0	0	65535
452	0	0	0	0	65535
453	0	0	0	0	65535
454	0	0	0	0	65535
455	0	0	0	0	65535
456	0	0	0	0	65535
457	0	0	0	0	65535
458	0	0	0	0	65535
459	0	0	0	0	65535
460	0	0	0	0	65535
461	0	0	0	0	65535
462	0	0	0	0	65535
463	0	0	0	0	65535
464	0	0	0	0	65535
465	0	0	0	0	65535
466	0	0	0	0	65535
467	0	0	0	0	65535
468	0	0	0	0	65535
469	0	0	0	0	65535
470	0	0	0	0	65535
471	0	0	0	0	65535
472	0	0	0	0	65535
473	0	0	0	0	65535
474	0	0	0	0	65535
475	0	0	0	0	65535
476	0	0	0	0	65535
477	0	0	0	0	65535
478	0	0	0	0	65535
479	0	0	0	0	65535