   436.130005
   442.630005
   449.140015
   455.640015
   462.149994
   468.649994
   475.160004
   481.670013
   488.170013
   494.679993
   501.190002
   507.700012
   514.210022
   520.719971
   527.229980
   533.739990
   540.250000
   546.760010
   553.270020
   559.780029
   566.289978
   572.809998
   579.320007
   585.830017
   592.349976
   598.859985
   605.380005
   611.890015
   618.409973
   624.919983
   631.440002
   709.679993
   716.200012
   722.719971
   729.250000
   735.770020
   742.299988
   748.820007
   755.349976
   761.869995
   768.400024
   774.919983
   781.450012
   787.979980
   794.510010
   801.039978
   807.559998
   814.090027
   820.619995
   827.150024
   833.679993
   840.219971
   846.750000
   853.280029
   859.809998
   866.340027
   872.880005
   879.409973
   885.950012
   892.479980
   899.020020
   905.549988
   912.090027
   918.619995
   925.159973
   931.700012
   938.239990
   944.770020
   951.309998
   957.849976
   964.390015
   970.929993
   977.469971
   984.010010
   990.549988
   997.099976
  1003.640015
  1010.179993
  1047.199951
  1053.750000
  1060.300049
  1066.849976
  1073.410034
  1079.959961
  1086.510010
  1093.069946
  1099.619995
  1106.170044
  1112.729980
  1119.280029
  1125.839966
  1132.390015
  1138.949951
  1145.510010
  1152.060059
  1158.619995
  1165.180054
  1171.729980
  1178.290039
  1184.849976
  1191.410034
  1197.969971
  1204.530029
  1211.089966
  1217.650024
  1224.209961
  1230.770020
  1237.329956
  1243.890015
  1250.449951
  1257.010010
  1263.569946
  1270.140015
  1276.699951
  1283.260010
  1289.829956
  1296.390015
  1302.949951
  1309.520020
  1316.079956
  1322.650024
  1329.209961
  1335.780029
  1342.339966
  1348.910034
  1355.479980
  1362.050049
  1368.609985
  1375.180054
  1381.750000
  1388.319946
  1394.890015
  1401.449951
  1408.020020
  1414.589966
  1421.160034
  1427.729980
  1434.310059
  1440.880005
  1447.449951
  1454.020020
  1460.589966
  1467.160034
  1473.739990
  1480.310059
  1486.880005
  1493.459961
  1500.030029
  1506.609985
  1513.180054
  1519.760010
  1526.329956
  1532.910034
  1539.479980
  1546.060059
  1552.640015
  1559.209961
  1565.790039
  1572.369995
  1578.949951
  1585.520020
  1592.099976
  1598.680054
  1605.260010
  1611.839966
  1618.420044
  1625.000000
  1631.579956
  1638.160034
  1644.739990
  1651.329956
  1657.910034
  1664.489990
  1671.069946
  1677.660034
  1684.239990
  1690.819946
  1697.410034
  1703.989990
  1710.579956
  1717.160034
  1723.750000
  1730.329956
  1736.920044
  1743.510010
  1750.089966
  1756.680054
  1763.270020
  1769.849976
  1776.439941
  1783.030029
  1789.619995
  1796.209961
  1802.800049
  1809.390015
  1815.979980
  1822.569946
  1829.160034
  1835.750000
  1842.339966
  1848.930054
  1855.520020
  1862.119995
  1868.709961
  1875.300049
  1881.900024
  1888.489990
  1895.079956
  1901.680054
  1908.270020
  1914.869995
  1921.459961
  1928.060059
  1934.650024
  1941.250000
  1947.849976
  1954.439941
  1961.040039
  1967.640015
  1974.239990
  1980.839966
  1987.430054
  1994.030029
  2000.630005
  2007.229980
  2013.829956
  2020.430054
  2027.030029
  2033.630005
  2040.239990
  2046.839966
  2053.439941
  2060.040039
  2066.639893
  2073.250000
  2079.850098
  2086.449951
  2093.060059
  2099.659912
  2106.270020
  2112.870117
  2119.479980
  2126.080078
  2132.689941
  2139.300049
  2145.899902
  2152.510010
  2159.120117
  2165.719971
  2172.330078
  2178.939941
  2185.550049
  2192.159912
  2198.770020
  2205.379883
  2211.989990
  2218.600098
  2225.209961
  2231.820068
  2238.429932
  2245.040039
  2251.649902
  2258.270020
  2264.879883
  2271.489990
  2278.100098
  2284.719971
  2291.330078
  2297.949951
  2304.560059
  2311.179932
  2317.790039
  2324.409912
  2331.020020
  2337.639893
  2344.260010
  2350.870117
  2357.489990
  2364.110107
  2370.719971
  2377.340088
  2383.959961
  2390.580078
  2397.199951
  2403.820068
  2410.439941
  2417.060059
  2423.679932
  2430.300049
  2436.919922
  2443.540039
  2450.169922
  2456.790039
  2463.409912
  2470.030029
  2476.659912
  2483.280029
  2489.899902
  2496.530029
  2503.120117
  2509.719971
  2516.320068
  2522.919922
  2529.510010
  2536.110107
  2542.709961
  2549.310059
  2555.909912
  2562.510010
  2569.110107
  2575.709961
  2582.310059
  2588.909912
  2595.510010
  2602.120117
  2608.719971
  2615.320068
  2621.919922
  2628.530029
  2635.129883
  2641.739990
  2648.340088
  2654.949951
  2800.350098
  2806.969971
  2813.580078
  2820.199951
  2826.810059
  2833.429932
  2840.040039
  2846.659912
  2853.280029
  2859.889893
  2866.510010
  2873.129883
  2879.750000
  2886.360107
  2892.979980
  2899.600098
  2906.219971
  2912.840088
  2919.459961
  2926.080078
  2932.699951
  2939.320068
  2945.949951
  2952.570068
  2959.189941
  2965.810059
  2972.439941
  2979.060059
  2985.679932
  2992.310059
  2998.929932
  3005.560059
  3012.179932
  3018.810059
  3025.439941
  3032.060059
  3038.689941
  3045.320068
  3051.949951
  3058.570068
  3065.199951
  3071.830078
  3078.459961
  3085.090088
  3091.719971
  3098.350098
  3104.979980
  3111.610107
  3118.250000
  3124.879883
  3131.510010
  3138.139893
  3144.780029
  3151.409912
  3158.040039
  3164.679932
  3171.310059
  3177.949951
  3184.580078
  3191.219971
  3197.850098
  3204.489990
  3211.129883
  3217.760010
  3224.399902
  3231.040039
  3237.679932
  3244.320068
  3250.959961
  3257.600098
  3264.239990
  3270.879883
  3277.520020
  3284.159912
  3290.800049
  3297.439941
  3304.080078
  3310.729980
  3317.370117
  3324.010010
  3330.659912
  3337.300049
  3343.949951
  3350.590088
  3357.239990
  3363.879883
  3370.530029
  3377.169922
  3383.820068
  3390.469971
  3397.120117
  3403.760010
  3410.409912
  3417.060059
  3423.709961
  3430.360107
  3437.010010
  3443.659912
  3450.310059
  3456.959961
  3463.610107
  3470.260010
  3476.919922
  3483.570068
  3490.219971
  3496.870117
  3503.530029
  3510.179932
  3516.840088
  3523.489990
  3530.149902
  3536.800049
  3543.459961
  3550.110107
  3556.770020
  3563.429932
  3570.080078
  3576.739990
  3583.399902
  3590.060059
  3596.719971
  3603.379883
  3610.040039
  3616.699951
  3623.360107
  3630.020020
  3636.679932
  3643.340088
  3650.000000
  3656.669922
  3663.330078
  3669.989990
  3676.649902
  3683.320068
  3689.979980
  3696.649902
  3703.310059
  3709.979980
  3716.639893
  3723.310059
  3729.979980
  3736.639893
  3743.310059
  3749.979980
  3756.649902
  3763.310059
  3769.979980
  3776.649902
  3783.320068
  3789.989990
  3796.659912
  3803.330078
  3810.000000
  3816.669922
  3823.350098
  3830.020020
  3836.689941
  3843.360107
  3850.040039
  3856.709961
  3863.389893
  3870.060059
  3876.729980
  3883.409912
  3890.080078
  3896.760010
