detector row	table 0	table 1	table 2	table 3	wavelength
0	1	1	1	1	65535
1	1	0	0	0	3936.82
2	1	0	0	0	3930.15
3	1	1	1	1	3923.47
4	1	0	0	0	3916.79
5	1	0	0	0	3910.11
6	1	0	0	0	3903.44
7	1	0	0	0	3896.76
8	1	0	0	0	3890.08
9	1	0	0	0	3883.41
10	1	0	0	0	3876.73
11	1	0	0	0	3870.06
12	1	0	0	0	3863.39
13	1	0	0	0	3856.71
14	1	0	0	0	3850.04
15	1	0	0	0	3843.36
16	1	0	0	0	3836.69
17	1	0	1	1	3830.02
18	1	0	0	0	3823.35
19	1	0	0	0	3816.67
20	1	0	0	0	3810
21	1	0	0	0	3803.33
22	1	0	0	0	3796.66
23	1	0	0	0	3789.99
24	1	0	0	0	3783.32
25	1	0	0	0	3776.65
26	1	0	0	0	3769.98
27	1	0	0	0	3763.31
28	1	1	1	1	3756.65
29	1	0	0	0	3749.98
30	1	0	0	0	3743.31
31	1	0	0	0	3736.64
32	1	0	0	0	3729.98
33	1	0	0	0	3723.31
34	1	0	0	0	3716.64
35	1	0	0	0	3709.98
36	1	0	0	0	3703.31
37	1	0	0	0	3696.65
38	1	0	0	0	3689.98
39	1	0	0	0	3683.32
40	1	0	0	0	3676.65
41	1	0	0	0	3669.99
42	1	0	0	0	3663.33
43	1	0	0	0	3656.67
44	1	0	0	0	3650
45	1	0	0	0	3643.34
46	1	1	1	1	3636.68
47	1	0	0	0	3630.02
48	1	0	0	0	3623.36
49	1	0	0	0	3616.7
50	1	0	0	0	3610.04
51	1	0	0	0	3603.38
52	1	0	0	0	3596.72
53	1	0	0	0	3590.06
54	1	0	0	0	3583.4
55	1	0	0	0	3576.74
56	1	0	0	0	3570.08
57	1	0	1	1	3563.43
58	1	0	0	0	3556.77
59	1	0	0	0	3550.11
60	1	0	0	0	3543.46
61	1	0	0	0	3536.8
62	1	0	0	0	3530.15
63	1	0	0	0	3523.49
64	1	0	0	0	3516.84
65	1	0	0	0	3510.18
66	1	1	1	1	3503.53
67	1	0	0	0	3496.87
68	1	0	0	0	3490.22
69	1	0	0	0	3483.57
70	1	0	0	0	3476.92
71	1	0	0	0	3470.26
72	1	0	1	1	3463.61
73	1	0	0	0	3456.96
74	1	0	0	0	3450.31
75	1	0	0	0	3443.66
76	1	0	0	0	3437.01
77	1	0	0	0	3430.36
78	1	0	1	1	3423.71
79	1	0	0	0	3417.06
80	1	0	0	0	3410.41
81	1	0	0	0	3403.76
82	1	1	1	1	3397.12
83	1	0	0	0	3390.47
84	1	0	0	0	3383.82
85	1	0	0	0	3377.17
86	1	0	0	0	3370.53
87	1	0	0	0	3363.88
88	1	0	0	0	3357.24
89	1	0	0	0	3350.59
90	1	0	0	0	3343.95
91	1	0	0	0	3337.3
92	1	0	0	0	3330.66
93	1	1	1	1	3324.01
94	1	0	0	0	3317.37
95	1	0	0	0	3310.73
96	1	0	0	0	3304.08
97	1	0	0	0	3297.44
98	1	0	0	0	3290.8
99	1	0	0	0	3284.16
100	1	0	0	0	3277.52
101	1	0	0	0	3270.88
102	1	0	0	0	3264.24
103	1	0	0	0	3257.6
104	1	1	1	1	3250.96
105	1	0	0	0	3244.32
106	1	0	0	0	3237.68
107	1	0	0	0	3231.04
108	1	0	0	0	3224.4
109	1	0	0	0	3217.76
110	1	0	0	0	3211.13
111	1	0	0	0	3204.49
112	1	0	0	0	3197.85
113	1	0	0	0	3191.22
114	1	0	0	0	3184.58
115	1	0	0	0	3177.95
116	1	0	0	0	3171.31
117	1	0	0	0	3164.68
118	1	0	0	0	3158.04
119	1	0	0	0	3151.41
120	1	0	0	0	3144.78
121	1	0	0	0	3138.14
122	1	0	0	0	3131.51
123	1	1	1	1	3124.88
124	1	0	0	0	3118.25
125	1	0	0	0	3111.61
126	1	0	0	0	3104.98
127	1	0	0	0	3098.35
128	1	0	0	0	3091.72
129	1	0	0	0	3085.09
130	1	0	0	0	3078.46
131	1	0	0	0	3071.83
132	1	0	0	0	3065.2
133	1	0	0	0	3058.57
134	1	0	0	0	3051.95
135	1	0	0	0	3045.32
136	1	0	0	0	3038.69
137	1	0	0	0	3032.06
138	1	0	0	0	3025.44
139	1	0	0	0	3018.81
140	1	0	0	0	3012.18
141	1	0	0	0	3005.56
142	1	1	1	1	2998.93
143	1	0	0	0	2992.31
144	1	0	0	0	2985.68
145	1	0	0	0	2979.06
146	1	0	0	0	2972.44
147	1	0	0	0	2965.81
148	1	0	0	0	2959.19
149	1	0	0	0	2952.57
150	1	0	0	0	2945.95
151	1	0	0	0	2939.32
152	1	0	0	0	2932.7
153	1	0	0	0	2926.08
154	1	0	0	0	2919.46
155	1	0	0	0	2912.84
156	1	0	0	0	2906.22
157	1	0	1	0	2899.6
158	1	0	0	0	2892.98
159	1	0	0	0	2886.36
160	1	0	0	0	2879.75
161	1	0	0	0	2873.13
162	1	0	0	0	2866.51
163	1	0	0	0	2859.89
164	1	0	0	0	2853.28
165	1	0	0	0	2846.66
166	1	0	0	0	2840.04
167	1	0	0	0	2833.43
168	1	0	0	0	2826.81
169	1	0	0	0	2820.2
170	1	0	0	0	2813.58
171	1	0	0	0	2806.97
172	1	0	0	0	2800.35
173	1	0	0	0	2793.74
174	1	0	0	0	2787.13
175	1	0	0	0	2780.52
176	1	0	1	0	2773.9
177	1	0	0	0	2767.29
178	1	0	0	0	2760.68
179	0	0	0	0	65535
180	0	0	0	0	65535
181	0	0	0	0	65535
182	0	0	0	0	65535
183	0	0	0	0	65535
184	0	0	0	0	65535
185	0	0	0	0	65535
186	0	0	0	0	65535
187	1	1	1	1	2701.19
188	1	0	0	0	2694.58
189	1	0	0	0	2687.98
190	1	0	0	0	2681.37
191	1	0	0	0	2674.76
192	1	0	0	0	2668.16
193	1	0	0	0	2661.55
194	1	0	0	0	2654.95
195	1	0	0	0	2648.34
196	1	0	0	0	2641.74
197	1	0	0	0	2635.13
198	1	1	1	1	2628.53
199	1	0	0	0	2621.92
200	1	0	0	0	2615.32
201	1	0	0	0	2608.72
202	1	1	1	1	2602.12
203	1	0	0	0	2595.51
204	1	0	0	0	2588.91
205	1	0	0	0	2582.31
206	1	0	0	0	2575.71
207	1	0	0	0	2569.11
208	1	0	0	0	2562.51
209	1	0	0	0	2555.91
210	1	0	0	0	2549.31
211	1	0	0	0	2542.71
212	1	0	0	0	2536.11
213	1	1	1	1	2529.51
214	1	0	1	0	2522.92
215	1	0	1	0	2516.32
216	1	0	1	0	2509.72
217	1	0	1	0	2503.12
218	1	0	1	0	2496.53
219	1	0	1	0	2489.9
220	1	0	1	0	2483.28
221	1	0	1	0	2476.66
222	1	0	1	0	2470.03
223	1	0	1	0	2463.41
224	1	1	1	1	2456.79
225	1	0	1	0	2450.17
226	1	0	1	0	2443.54
227	1	0	1	0	2436.92
228	1	1	1	1	2430.3
229	1	0	1	0	2423.68
230	1	0	1	0	2417.06
231	1	0	1	0	2410.44
232	1	0	1	0	2403.82
233	1	0	1	1	2397.2
234	1	1	1	1	2390.58
235	1	0	1	0	2383.96
236	1	0	1	0	2377.34
237	1	0	1	0	2370.72
238	1	0	1	0	2364.11
239	1	0	1	0	2357.49
240	1	1	1	1	2350.87
241	1	0	1	0	2344.26
242	1	0	1	0	2337.64
243	1	1	1	1	2331.02
244	1	0	1	0	2324.41
245	1	1	1	1	2317.79
246	1	0	1	0	2311.18
247	1	0	1	0	2304.56
248	1	0	1	0	2297.95
249	1	1	1	1	2291.33
250	1	0	1	0	2284.72
251	1	0	1	1	2278.1
252	1	0	1	1	2271.49
253	1	0	1	0	2264.88
254	1	0	1	0	2258.27
255	1	1	1	1	2251.65
256	1	0	1	0	2245.04
257	1	0	1	0	2238.43
258	1	1	1	1	2231.82
259	1	0	1	0	2225.21
260	1	0	1	0	2218.6
261	1	0	1	0	2211.99
262	1	1	1	1	2205.38
263	1	0	1	0	2198.77
264	1	0	1	0	2192.16
265	1	0	1	1	2185.55
266	1	0	1	0	2178.94
267	1	0	1	0	2172.33
268	1	1	1	1	2165.72
269	1	0	1	0	2159.12
270	1	0	1	0	2152.51
271	1	0	1	0	2145.9
272	1	1	1	1	2139.3
273	1	0	1	0	2132.69
274	1	0	1	0	2126.08
275	1	1	1	1	2119.48
276	1	0	1	0	2112.87
277	1	0	1	0	2106.27
278	1	0	1	0	2099.66
279	1	0	1	0	2093.06
280	1	0	1	1	2086.45
281	1	0	0	0	2079.85
282	1	0	0	0	2073.25
283	1	1	1	1	2066.64
284	1	0	0	0	2060.04
285	1	0	0	0	2053.44
286	1	0	0	0	2046.84
287	1	0	0	0	2040.24
288	1	0	0	0	2033.63
289	1	0	0	0	2027.03
290	1	0	0	0	2020.43
291	1	0	1	0	2013.83
292	1	1	1	1	2007.23
293	1	0	1	0	2000.63
294	1	0	1	0	1994.03
295	1	0	1	0	1987.43
296	1	1	1	1	1980.84
297	1	1	1	1	1974.24
298	1	0	1	0	1967.64
299	1	0	1	0	1961.04
300	1	0	1	0	1954.44
301	1	0	1	0	1947.85
302	1	0	1	0	1941.25
303	1	0	1	0	1934.65
304	1	1	1	1	1928.06
305	1	0	1	0	1921.46
306	1	0	1	0	1914.87
307	1	0	1	1	1908.27
308	1	0	1	0	1901.68
309	1	0	1	0	1895.08
310	1	0	1	0	1888.49
311	1	0	1	0	1881.9
312	1	1	1	1	1875.3
313	1	0	1	0	1868.71
314	1	0	1	0	1862.12
315	1	0	0	0	1855.52
316	1	0	0	0	1848.93
317	1	0	0	0	1842.34
318	1	0	1	1	1835.75
319	1	0	0	0	1829.16
320	1	0	0	0	1822.57
321	1	0	0	0	1815.98
322	1	1	1	1	1809.39
323	1	0	0	0	1802.8
324	1	0	0	0	1796.21
325	1	0	0	0	1789.62
326	1	0	0	0	1783.03
327	1	0	1	1	1776.44
328	1	0	0	0	1769.85
329	1	0	0	0	1763.27
330	1	0	0	0	1756.68
331	1	1	1	1	1750.09
332	1	0	0	0	1743.51
333	1	0	0	0	1736.92
334	1	0	1	1	1730.33
335	1	0	0	0	1723.75
336	1	0	0	0	1717.16
337	1	0	1	1	1710.58
338	1	0	0	0	1703.99
339	1	0	0	0	1697.41
340	1	1	1	1	1690.82
341	1	0	0	0	1684.24
342	1	0	0	0	1677.66
343	1	0	0	0	1671.07
344	1	0	0	0	1664.49
345	1	1	1	1	1657.91
346	1	0	0	0	1651.33
347	1	0	0	0	1644.74
348	1	0	0	0	1638.16
349	1	0	0	0	1631.58
350	1	1	1	1	1625
351	1	0	0	0	1618.42
352	1	0	0	0	1611.84
353	1	0	0	0	1605.26
354	1	0	0	0	1598.68
355	1	0	0	0	1592.1
356	1	0	0	0	1585.52
357	1	0	0	0	1578.95
358	1	0	0	0	1572.37
359	1	0	0	0	1565.79
360	1	1	1	1	1559.21
361	1	0	0	0	1552.64
362	1	0	0	0	1546.06
363	1	0	0	0	1539.48
364	1	0	0	0	1532.91
365	1	0	0	0	1526.33
366	1	0	0	0	1519.76
367	1	0	0	0	1513.18
368	1	1	1	1	1506.61
369	1	1	1	1	1500.03
370	1	0	1	0	1493.46
371	1	0	1	0	1486.88
372	1	0	1	0	1480.31
373	1	0	1	0	1473.74
374	1	1	1	1	1467.16
375	1	0	1	0	1460.59
376	1	0	1	0	1454.02
377	1	0	1	1	1447.45
378	1	0	1	0	1440.88
379	1	0	1	0	1434.31
380	1	1	1	1	1427.73
381	1	0	1	0	1421.16
382	1	0	1	0	1414.59
383	1	0	1	0	1408.02
384	1	0	1	0	1401.45
385	1	1	1	1	1394.89
386	1	0	1	0	1388.32
387	1	0	1	0	1381.75
388	1	0	1	0	1375.18
389	1	1	1	1	1368.61
390	1	0	1	0	1362.05
391	1	0	0	0	1355.48
392	1	0	0	0	1348.91
393	1	0	0	0	1342.34
394	1	0	0	0	1335.78
395	1	1	1	1	1329.21
396	1	0	0	0	1322.65
397	1	0	0	0	1316.08
398	1	0	0	0	1309.52
399	1	0	0	0	1302.95
400	1	0	0	0	1296.39
401	1	0	0	0	1289.83
402	1	0	0	0	1283.26
403	1	1	1	1	1276.7
404	1	0	0	0	1270.14
405	1	1	1	1	1263.57
406	1	1	1	1	1257.01
407	1	1	1	1	1250.45
408	1	0	0	0	1243.89
409	1	0	0	0	1237.33
410	1	0	0	0	1230.77
411	1	0	0	0	1224.21
412	1	0	0	0	1217.65
413	1	1	1	1	1211.09
414	1	0	0	0	1204.53
415	1	0	0	0	1197.97
416	1	0	0	0	1191.41
417	1	0	0	0	1184.85
418	1	0	0	0	1178.29
419	1	0	0	0	1171.73
420	1	0	0	0	1165.18
421	1	0	0	0	1158.62
422	1	1	1	1	1152.06
423	1	0	0	0	1145.51
424	1	0	0	0	1138.95
425	1	0	0	0	1132.39
426	1	0	0	0	1125.84
427	1	0	0	0	1119.28
428	1	0	0	0	1112.73
429	1	0	0	0	1106.17
430	1	0	0	0	1099.62
431	1	0	0	0	1093.07
432	1	0	0	0	1086.51
433	1	1	1	1	1079.96
434	1	0	0	0	1073.41
435	1	0	0	0	1066.85
436	1	0	0	0	1060.3
437	1	0	0	0	1053.75
438	1	1	1	1	1047.2
439	1	0	0	0	1040.65
440	1	0	0	0	1034.1
441	1	0	0	0	1027.55
442	1	1	1	1	1021
443	1	0	0	0	1014.45
444	1	0	0	0	1007.9
445	1	0	0	0	1001.35
446	0	0	0	0	65535
447	0	0	0	0	65535
448	0	0	0	0	65535
449	0	0	0	0	65535
450	0	0	0	0	65535
451	0	0	0	0	65535
452	0	0	0	0	65535
453	0	0	0	0	65535
454	0	0	0	0	65535
455	0	0	0	0	65535
456	0	0	0	0	65535
457	0	0	0	0	65535
458	0	0	0	0	65535
459	0	0	0	0	65535
460	0	0	0	0	65535
461	0	0	0	0	65535
462	0	0	0	0	65535
463	0	0	0	0	65535
464	0	0	0	0	65535
465	0	0	0	0	65535
466	0	0	0	0	65535
467	0	0	0	0	65535
468	0	0	0	0	65535
469	0	0	0	0	65535
470	0	0	0	0	65535
471	0	0	0	0	65535
472	0	0	0	0	65535
473	0	0	0	0	65535
474	0	0	0	0	65535
475	0	0	0	0	65535
476	0	0	0	0	65535
477	0	0	0	0	65535
478	0	0	0	0	65535
479	0	0	0	0	65535